1627161522106 0.5352425596939087 0
1627161526489 0.501758061498987 0
1627161528782 0.4335652920568677 0
1627161530404 0.46073970214109666 0
1627161532942 0.5038616667479718 0
1627161534582 0.5352425596939087 0
1627161536601 0.5033647436332 0
1627161538392 0.42896228333736247 0
1627161541022 0.45931213660323245 0
1627161542876 0.5038616667479718 0
1627161545039 0.5352425596939087 0
1627161546586 0.5033647436332 0
1627161548867 0.42896228333736247 0
1627161550441 0.4627394231123195 0
1627161553402 0.5038616667479718 0
1627161555426 0.5347561572799719 0
1627161557589 0.5011936720997123 0
1627161560191 0.4153971965331204 0
1627161562336 0.44992946771530035 0
1627161564197 0.49038368484987926 0
1627161566866 0.5401260241272084 0
1627161568831 0.49627241453655635 0
1627161572387 0.397947669058533 0
1627161574643 0.4197245279733962 0
1627161576537 0.4824434371576103 0
