1627161526117 0.5570469798657718 0
1627161528447 0.5469798657718121 0
1627161530071 0.5637583892617449 0
1627161532617 0.5564245810055866 0
1627161534141 0.5631284916201117 0
1627161536281 0.5570469798657718 0
1627161538026 0.5480984340044742 0
1627161540692 0.5615212527964206 0
1627161542541 0.5541899441340782 0
1627161544762 0.5631284916201117 0
1627161546316 0.5570469798657718 0
1627161548527 0.5480984340044742 0
1627161550181 0.5615212527964206 0
1627161553106 0.5575418994413408 0
1627161555087 0.5631284916201117 0
1627161557168 0.5570469798657718 0
1627161559831 0.5503355704697986 0
1627161562011 0.5592841163310962 0
1627161563846 0.5586592178770949 0
1627161566541 0.5620111731843576 0
1627161568431 0.5480984340044742 0
1627161572031 0.5480984340044742 0
1627161574290 0.5548098434004475 0
1627161576162 0.5519553072625698 0
1627161578606 0.5631284916201117 0
