1627161522106 0.6869076348720176 0
1627161526489 0.6884708562569344 0
1627161528782 0.6848252435422281 0
1627161530404 0.6870808013474624 0
1627161532942 0.6829540020714833 0
1627161534582 0.6869076376836274 0
1627161536601 0.6884709060623753 0
1627161538392 0.6848252510627374 0
1627161541022 0.687080932781787 0
1627161542876 0.6829540176250947 0
1627161545039 0.6869076440683216 0
1627161546586 0.6884708779806731 0
1627161548867 0.6848252675427997 0
1627161550441 0.6870808164581965 0
1627161553402 0.6829540320821124 0
1627161555426 0.6869326180471437 0
1627161557589 0.6885045116782122 0
1627161560191 0.6848572131496693 0
1627161562336 0.6871113399043026 0
1627161564197 0.6830304211023243 0
1627161566866 0.6870329111113089 0
1627161568831 0.6886440939795144 0
1627161572387 0.6849976585360359 0
1627161574643 0.6872419337964857 0
1627161576537 0.6833299120744747 0
