1627161522106 0.5585613635108195 0
1627161526489 0.5360232067510549 0
1627161528782 0.5372629275409304 0
1627161530404 0.5395750953343998 0
1627161532942 0.5574625436067028 0
1627161534582 0.5585764288189301 0
1627161536601 0.5359729756881656 0
1627161538392 0.537192008429243 0
1627161541022 0.53963546540292 0
1627161542876 0.5575028735052732 0
1627161545039 0.5585663852801896 0
1627161546586 0.5359830219007434 0
1627161548867 0.5372021397309127 0
1627161550441 0.5396254037248331 0
1627161553402 0.5574877497933093 0
1627161555426 0.5592342806064288 0
1627161557589 0.5341696805304401 0
1627161560191 0.539628586480791 0
1627161562336 0.5397964522523067 0
1627161564197 0.5572709765884939 0
1627161566866 0.5584860369702661 0
1627161568831 0.534526321076954 0
1627161572387 0.5395120765115902 0
1627161574643 0.5397511747009166 0
1627161576537 0.5559652961222803 0
