1627161522106 0.5550446438899019 0
1627161526489 0.5452674429915628 0
1627161528782 0.5975534687424576 0
1627161530404 0.5655821978668201 0
1627161532942 0.5571885979584247 0
1627161534582 0.5550446438899019 0
1627161536601 0.5468702022195903 0
1627161538392 0.5846055510485041 0
1627161541022 0.5582059505105395 0
1627161542876 0.5571885979584247 0
1627161545039 0.5550446438899019 0
1627161546586 0.5468702022195903 0
1627161548867 0.5846055510485041 0
1627161550441 0.5684490674259971 0
1627161553402 0.5571885979584247 0
1627161555426 0.5551311927444439 0
1627161557589 0.5514587608852404 0
1627161560191 0.5957523460879166 0
1627161562336 0.5865713705462077 0
1627161564197 0.5582080073910879 0
1627161566866 0.5444338348510916 0
1627161568831 0.5485510907907944 0
1627161572387 0.5304772223392623 0
1627161574643 0.5919017886484204 0
1627161576537 0.5640971632044314 0
