1627161522106 0.5570469798657718 0
1627161526489 0.5469798657718121 0
1627161528782 0.5637583892617449 0
1627161530404 0.5564245810055866 0
1627161532942 0.5631284916201117 0
1627161534582 0.5570469798657718 0
1627161536601 0.5480984340044742 0
1627161538392 0.5615212527964206 0
1627161541022 0.5541899441340782 0
1627161542876 0.5631284916201117 0
1627161545039 0.5570469798657718 0
1627161546586 0.5480984340044742 0
1627161548867 0.5615212527964206 0
1627161550441 0.5575418994413408 0
1627161553402 0.5631284916201117 0
1627161555426 0.5570469798657718 0
1627161557589 0.5503355704697986 0
1627161560191 0.5592841163310962 0
1627161562336 0.5586592178770949 0
1627161564197 0.5620111731843576 0
1627161566866 0.5480984340044742 0
1627161568831 0.5480984340044742 0
1627161572387 0.5548098434004475 0
1627161574643 0.5519553072625698 0
1627161576537 0.5631284916201117 0
