1627161619992 0.6822188010699732 0
1627161624147 0.6809509731971047 0
1627161626272 0.67724941130915 0
1627161628541 0.6811658666292216 0
1627161631111 0.6780705375575474 0
1627161633041 0.6700835279504657 0
1627161636466 0.6725760067225184 0
1627161638871 0.6652072325394367 0
1627161641071 0.6686657530926002 0
1627161643991 0.6692472744055615 0
1627161645892 0.6592286138512815 0
1627161647956 0.6608458986332794 0
1627161650394 0.6490955433533789 0
1627161652476 0.6583811974949716 0
1627161655034 0.6589868315116184 0
1627161657352 0.6431416765442133 0
1627161659208 0.6472309515483835 0
1627161661857 0.6354236775454524 0
1627161664591 0.6416992909133138 0
1627161666662 0.6426703340809657 0
1627161668569 0.623609606555389 0
1627161671216 0.6301855420577788 0
1627161673481 0.6156230198075613 0
1627161675297 0.6171624699659629 0
1627161678346 0.6207475758728984 0
