1627161619992 0.44969237116293037 0
1627161624147 0.45440748218071286 0
1627161626272 0.46368439767302144 0
1627161628541 0.4395717733875229 0
1627161631111 0.4788003065767105 0
1627161633041 0.5133887530927455 0
1627161636466 0.5554500495775663 0
1627161638871 0.5599374772528724 0
1627161641071 0.5141593390848417 0
1627161643991 0.4763905612347647 0
1627161645892 0.49809641582586683 0
1627161647956 0.5788189420388026 0
1627161650394 0.569288048145669 0
1627161652476 0.5154138513028469 0
1627161655034 0.5784693672976896 0
1627161657352 0.5577406933907749 0
1627161659208 0.6029089937562248 0
1627161661857 0.5980673684827859 0
1627161664591 0.5204514271382485 0
1627161666662 0.5887259560498183 0
1627161668569 0.5792945067545933 0
1627161671216 0.6134403215072416 0
1627161673481 0.5881297898565613 0
1627161675297 0.5761515421811183 0
1627161678346 0.5764531829537652 0
