1627161619992 0.5480984340044742 0
1627161624147 0.5525727069351231 0
1627161626272 0.5727069351230425 0
1627161628541 0.5586592178770949 0
1627161631111 0.5720670391061452 0
1627161633041 0.5704697986577181 0
1627161636466 0.5592841163310962 0
1627161638871 0.5838926174496645 0
1627161641071 0.576536312849162 0
1627161643991 0.5743016759776536 0
1627161645892 0.5760626398210291 0
1627161647956 0.5894854586129754 0
1627161650394 0.6029082774049217 0
1627161652476 0.587709497206704 0
1627161655034 0.5888268156424581 0
1627161657352 0.6006711409395973 0
1627161659208 0.6085011185682326 0
1627161661857 0.616331096196868 0
1627161664591 0.5932960893854748 0
1627161666662 0.5966480446927375 0
1627161668569 0.6129753914988815 0
1627161671216 0.6185682326621924 0
1627161673481 0.6286353467561522 0
1627161675297 0.6111731843575419 0
1627161678346 0.6201117318435754 0
