1627161619992 0.5770659040552032 0
1627161624147 0.5891153241126297 0
1627161626272 0.6060491793964351 0
1627161628541 0.6051290112015649 0
1627161631111 0.5993230685379479 0
1627161633041 0.5922733019043084 0
1627161636466 0.5566804078794124 0
1627161638871 0.5768001019279527 0
1627161641071 0.5907045173032686 0
1627161643991 0.6139195730520742 0
1627161645892 0.63215064616788 0
1627161647956 0.5890842312180661 0
1627161650394 0.6047045248438901 0
1627161652476 0.6264849517911444 0
1627161655034 0.5838000618534948 0
1627161657352 0.6310283266408272 0
1627161659208 0.6077709612620456 0
1627161661857 0.6146038896706145 0
1627161664591 0.6416496965094893 0
1627161666662 0.5923093786487208 0
1627161668569 0.6386250338204712 0
1627161671216 0.6181778818713219 0
1627161673481 0.6501125391454861 0
1627161675297 0.6261955765942794 0
1627161678346 0.6456716636712115 0
