1627161619992 0.5352578427483139 0
1627161624147 0.538878842676311 0
1627161626272 0.5385749311071486 0
1627161628541 0.5368508959924336 0
1627161631111 0.5426488677380976 0
1627161633041 0.5658755705985447 0
1627161636466 0.5700045207956601 0
1627161638871 0.5759746312206193 0
1627161641071 0.5682785474961515 0
1627161643991 0.5763344155189449 0
1627161645892 0.6026349223885544 0
1627161647956 0.6120931283905967 0
1627161650394 0.604805782946993 0
1627161652476 0.600236952518941 0
1627161655034 0.6062037466475771 0
1627161657352 0.630279762771615 0
1627161659208 0.6372739602169982 0
1627161661857 0.6302252188361162 0
1627161664591 0.6216708422630726 0
1627161666662 0.6285591135488294 0
1627161668569 0.6609602627389735 0
1627161671216 0.6555429977898333 0
1627161673481 0.6534436294375101 0
1627161675297 0.6568942618249871 0
1627161678346 0.6630840273436712 0
