1627161623846 0.5480984340044742 0
1627161625996 0.5525727069351231 0
1627161628147 0.5727069351230425 0
1627161630761 0.5586592178770949 0
1627161632807 0.5720670391061452 0
1627161636147 0.5704697986577181 0
1627161638556 0.5592841163310962 0
1627161640731 0.5838926174496645 0
1627161643672 0.576536312849162 0
1627161645551 0.5743016759776536 0
1627161647616 0.5760626398210291 0
1627161650031 0.5894854586129754 0
1627161652151 0.6029082774049217 0
1627161654471 0.587709497206704 0
1627161657016 0.5888268156424581 0
1627161658926 0.6006711409395973 0
1627161661337 0.6085011185682326 0
1627161664271 0.616331096196868 0
1627161666341 0.5932960893854748 0
1627161668066 0.5966480446927375 0
1627161670885 0.6129753914988815 0
1627161673141 0.6185682326621924 0
1627161674771 0.6286353467561522 0
1627161678042 0.6111731843575419 0
1627161680072 0.6201117318435754 0
